{
 "cells": [
  {
   "cell_type": "code",
   "execution_count": 1,
   "metadata": {},
   "outputs": [
    {
     "name": "stdout",
     "output_type": "stream",
     "text": [
      "[[ -8.88  -9.54 -53.26]\n",
      " [ -9.27  -9.99 -53.38]\n",
      " [ -9.74  -9.48 -53.38]\n",
      " [-11.31  -8.79 -53.2 ]\n",
      " [-15.44  -6.52 -52.3 ]]\n",
      "y.shape = (603, 3)\n"
     ]
    }
   ],
   "source": [
    "import numpy as np\n",
    "import csv\n",
    "import matplotlib.pyplot as plt\n",
    "\n",
    "# 0-x\n",
    "# 1-y\n",
    "# 2-z\n",
    "y = []\n",
    "\n",
    "with open('dist/iphone-calibration.csv', 'r') as fr:\n",
    "  csvreader = csv.reader(fr, delimiter=';')\n",
    "\n",
    "  index = 0\n",
    "  for row in csvreader:\n",
    "    index += 1\n",
    "    if index == 1:\n",
    "      continue\n",
    "\n",
    "    y.append(list(map(lambda v: float(v.replace(',', '.')), row[1:4])))\n",
    "\n",
    "y = np.array(y)\n",
    "print(y[:5])\n",
    "print('y.shape =', y.shape)"
   ]
  },
  {
   "cell_type": "code",
   "execution_count": 2,
   "metadata": {},
   "outputs": [
    {
     "name": "stdout",
     "output_type": "stream",
     "text": [
      "[[ 78.8544  84.7152 472.9488  91.0116 508.1004  -8.88    -9.54   -53.26\n",
      "    1.    ]\n",
      " [ 85.9329  92.6073 494.8326  99.8001 533.2662  -9.27    -9.99   -53.38\n",
      "    1.    ]\n",
      " [ 94.8676  92.3352 519.9212  89.8704 506.0424  -9.74    -9.48   -53.38\n",
      "    1.    ]\n",
      " [127.9161  99.4149 601.692   77.2641 467.628  -11.31    -8.79   -53.2\n",
      "    1.    ]\n",
      " [238.3936 100.6688 807.512   42.5104 340.996  -15.44    -6.52   -52.3\n",
      "    1.    ]]\n",
      "L.shape = (603, 9)\n"
     ]
    }
   ],
   "source": [
    "L = []\n",
    "for r in y:\n",
    "  L.append([ r[0]**2, r[0]*r[1], r[0]*r[2], r[1]**2, r[1]*r[2], r[0], r[1], r[2], 1 ])\n",
    "L = np.array(L)\n",
    "print(L[:5])\n",
    "print('L.shape =', L.shape)"
   ]
  },
  {
   "cell_type": "code",
   "execution_count": 3,
   "metadata": {},
   "outputs": [
    {
     "name": "stdout",
     "output_type": "stream",
     "text": [
      "[[2836.6276]\n",
      " [2849.4244]\n",
      " [2849.4244]\n",
      " [2830.24  ]\n",
      " [2735.29  ]]\n",
      "b.shape = (603, 1)\n"
     ]
    }
   ],
   "source": [
    "b = np.array(list(map(lambda r: r[2]**2, y)))\n",
    "b.shape = (b.shape[0], 1)\n",
    "print(b[:5])\n",
    "print('b.shape =', b.shape)"
   ]
  },
  {
   "cell_type": "code",
   "execution_count": 4,
   "metadata": {},
   "outputs": [
    {
     "name": "stdout",
     "output_type": "stream",
     "text": [
      "[[-1.04064464e+00]\n",
      " [-6.84464199e-02]\n",
      " [-7.72773853e-03]\n",
      " [-9.40092178e-01]\n",
      " [ 1.35881364e-02]\n",
      " [-1.83447201e+00]\n",
      " [-4.46200000e-01]\n",
      " [-2.18026360e+00]\n",
      " [ 2.88821886e+03]]\n",
      "p.shape = (9, 1)\n"
     ]
    }
   ],
   "source": [
    "p = np.linalg.inv(np.transpose(L) @ L) @ np.transpose(L) @ b\n",
    "\n",
    "print(p)\n",
    "print('p.shape =', p.shape)"
   ]
  },
  {
   "cell_type": "code",
   "execution_count": 5,
   "metadata": {},
   "outputs": [
    {
     "name": "stdout",
     "output_type": "stream",
     "text": [
      "-1.0406446423654294 -0.06844641988586858 -0.007727738528614053 -0.9400921775591867 0.013588136404898206 -1.8344720139405624 -0.4462000001755859 -2.1802636033761686 2888.2188567120743\n"
     ]
    }
   ],
   "source": [
    "A, B, C, D, E, G, H, I, J = np.transpose(p)[0]\n",
    "print(A, B, C, D, E, G, H, I, J)"
   ]
  },
  {
   "cell_type": "code",
   "execution_count": 6,
   "metadata": {},
   "outputs": [
    {
     "name": "stdout",
     "output_type": "stream",
     "text": [
      "alpha1 = 3.908267169631295\n",
      "alpha2 = 45183.494047766566\n",
      "alpha3 = -14.696042963672262\n",
      "beta1 = -6.803117936395392\n",
      "beta2 = 1.545490727016449\n",
      "beta3 = -8.506104313632525\n"
     ]
    }
   ],
   "source": [
    "alpha1 = -B**2 + D*C**2 + 4*D*A + A*E**2 - B*E*C\n",
    "\n",
    "alpha2 = 4*A*E**2*J - E**2*G**2 - 4*B*E*C*J + 2*E*C*H*G + \\\n",
    "  2*B*E*I*G - 4*E*H*A*I - 4*D*I*C*G - C**2*H**2 + \\\n",
    "  4*D*A*I**2 + 2*C*B*H*I - 4*D*G**2 + 4*D*C**2*J + \\\n",
    "  4*B*H*G - 4*A*H**2 - B**2*I**2 - 4*B**2*J + 16*D*A*J\n",
    "\n",
    "alpha3 = E**4*A - C*B*E**3 + E**2*C**2*D - 2*B**2*E**2 + \\\n",
    "  8*D*A*E**2 - 4*D*B**2 + 16*D**2*A\n",
    "\n",
    "print('alpha1 =', alpha1)\n",
    "print('alpha2 =', alpha2)\n",
    "print('alpha3 =', alpha3)\n",
    "\n",
    "beta1 = 2*B*H + B*E*I - 2*C*D*I - 4*D*G + E*C*H - E**2*G\n",
    "beta2 = -2*A*E*I + 4*A*H - B*C*I - 2*B*G + C**2*H - C*E*G\n",
    "beta3 = 4*D*I*A - 2*D*G*C + E*G*B - I*B**2 - 2*E*H*A + C*B*H\n",
    "\n",
    "print('beta1 =', beta1)\n",
    "print('beta2 =', beta2)\n",
    "print('beta3 =', beta3)"
   ]
  },
  {
   "cell_type": "code",
   "execution_count": 7,
   "metadata": {},
   "outputs": [
    {
     "name": "stdout",
     "output_type": "stream",
     "text": [
      "_a = 52.73272551107827\n",
      "_b = 55.482212644377704\n",
      "_c = 53.762812724947324\n",
      "tanpi = 0.008865584516980909\n",
      "tanphi = -0.007820005166541258\n",
      "tanla = 0.007007317789431428\n",
      "pi = 0.00886535225379009\n",
      "phi = -0.007819845768151168\n",
      "la = 0.00700720310053032\n",
      "secpi = 1.000039298522227\n",
      "secphi = 1.0000305757729633\n",
      "secla = 1.0000245509499266\n"
     ]
    }
   ],
   "source": [
    "_a = 1 / (2 * alpha1) * (-(4*D + E**2) * alpha2)**0.5\n",
    "_b = 1 / (2 * alpha1) * (-(4*A + C**2) * alpha2)**0.5\n",
    "_c = 1 / (2 * alpha1) * ((4*D*A - B**2) * alpha2)**0.5\n",
    "\n",
    "print('_a =', _a)\n",
    "print('_b =', _b)\n",
    "print('_c =', _c)\n",
    "\n",
    "tanpi = -1 / (2 * alpha1) * (2*B + E*C) * alpha1**(-0.5)\n",
    "tanphi = (B*E - 2*C*D) * alpha1**(-0.5)\n",
    "tanla = E * (-alpha1*alpha3**(-1))**0.5\n",
    "\n",
    "print('tanpi =', tanpi)\n",
    "print('tanphi =', tanphi)\n",
    "print('tanla =', tanla)\n",
    "\n",
    "pi = np.arctan(tanpi)\n",
    "phi = np.arctan(tanphi)\n",
    "la = np.arctan(tanla)\n",
    "\n",
    "print('pi =', pi)\n",
    "print('phi =', phi)\n",
    "print('la =', la)\n",
    "\n",
    "secpi = 1 / np.cos(pi)\n",
    "secphi = 1 / np.cos(phi)\n",
    "secla = 1 / np.cos(la)\n",
    "\n",
    "print('secpi =', secpi)\n",
    "print('secphi =', secphi)\n",
    "print('secla =', secla)"
   ]
  },
  {
   "cell_type": "code",
   "execution_count": 8,
   "metadata": {},
   "outputs": [
    {
     "name": "stdout",
     "output_type": "stream",
     "text": [
      "[[ 0.01896356  0.          0.        ]\n",
      " [-0.00016812 -0.0180245   0.        ]\n",
      " [ 0.00014947 -0.00012631  0.01860124]]\n",
      "T0.shape = (3, 3)\n",
      "[[-0.87034965]\n",
      " [ 0.19772071]\n",
      " [-1.0882194 ]]\n",
      "h0.shape = (3, 1)\n"
     ]
    }
   ],
   "source": [
    "T0 = np.array([\n",
    "  [ 1/_a, 0, 0],\n",
    "  [ -1/_a * tanpi, -1/_b * secpi, 0],\n",
    "  [\n",
    "    1/_a * (tanpi*tanla*secphi - tanphi),\n",
    "    -1/_b * secpi * tanla * secphi,\n",
    "    1/_c * secla * secphi\n",
    "  ],\n",
    "])\n",
    "print(T0)\n",
    "print('T0.shape =', T0.shape)\n",
    "\n",
    "h0 = 1/(2 * alpha1) * np.array([beta1, beta2, beta3])\n",
    "h0.shape = (3, 1)\n",
    "print(h0)\n",
    "print('h0.shape =', h0.shape)"
   ]
  },
  {
   "cell_type": "code",
   "execution_count": 9,
   "metadata": {},
   "outputs": [
    {
     "name": "stdout",
     "output_type": "stream",
     "text": [
      "[[ 1.89635561e-02]\n",
      " [ 0.00000000e+00]\n",
      " [ 0.00000000e+00]\n",
      " [-1.68123010e-04]\n",
      " [-1.80245028e-02]\n",
      " [ 0.00000000e+00]\n",
      " [ 1.49473234e-04]\n",
      " [-1.26307281e-04]\n",
      " [ 1.86012427e-02]\n",
      " [-8.70349651e-01]\n",
      " [ 1.97720711e-01]\n",
      " [-1.08821940e+00]]\n",
      "x.shape = (12, 1)\n"
     ]
    }
   ],
   "source": [
    "x1 = np.matrix(T0).flatten()\n",
    "x2 = np.transpose(h0)\n",
    "\n",
    "x = np.transpose(np.hstack((x1, x2)))\n",
    "\n",
    "print(x)\n",
    "print('x.shape =', x.shape)"
   ]
  },
  {
   "cell_type": "code",
   "execution_count": 10,
   "metadata": {},
   "outputs": [],
   "source": [
    "SIGMA = 0.2522260688\n",
    "sigma2 = SIGMA ** 2"
   ]
  },
  {
   "cell_type": "code",
   "execution_count": 11,
   "metadata": {},
   "outputs": [],
   "source": [
    "should_log = True\n",
    "should_log_2 = True\n",
    "\n",
    "def get_grads(T_circum, h):\n",
    "  global should_log\n",
    "\n",
    "  def get_ck_uk(k):\n",
    "    global should_log_2\n",
    "\n",
    "    yk = y[k]\n",
    "    yk.shape = (3, 1)\n",
    "\n",
    "    uk = yk - h\n",
    "\n",
    "    ck = 1 - np.linalg.norm(T_circum @ uk)**(-1)\n",
    "\n",
    "    if should_log_2:\n",
    "      should_log_2 = False\n",
    "      print(yk)\n",
    "      print('yk.shape =', yk.shape)\n",
    "      print(uk)\n",
    "      print('uk.shape =', uk.shape)\n",
    "      print('ck =', ck)\n",
    "\n",
    "    return (ck, uk)\n",
    "\n",
    "  ck, uk = get_ck_uk(0)\n",
    "\n",
    "  grad_T_circum = np.kron(2 * ck / sigma2 * uk, T_circum @ uk)\n",
    "\n",
    "  grad_h = (-2 * ck / sigma2 * np.transpose(T_circum)) @ T_circum @ uk\n",
    "\n",
    "  H_TT = 0\n",
    "  H_Th = 0\n",
    "  H_hh = 0\n",
    "\n",
    "\n",
    "\n",
    "  for k in range(1, len(y)):\n",
    "    ck, uk = get_ck_uk(k)\n",
    "\n",
    "    grad_T_circum += np.kron(2 * ck / sigma2 * uk, T_circum @ uk)\n",
    "    grad_h += (-2 * ck / sigma2 * np.transpose(T_circum)) @ T_circum @ uk\n",
    "\n",
    "    H_TT += 2 / sigma2 * (\n",
    "      np.kron(\n",
    "        uk @ np.transpose(uk),\n",
    "        T_circum @ uk @ np.transpose(uk) @ np.transpose(T_circum)\n",
    "      ) / np.linalg.norm(\n",
    "        T_circum @ uk\n",
    "      ) ** 3\n",
    "      +\n",
    "      ck * np.kron(\n",
    "        uk @ np.transpose(uk),\n",
    "        np.identity(3)\n",
    "      )\n",
    "    )\n",
    "\n",
    "    H_Th += -2 / sigma2 * (\n",
    "      np.kron(uk, T_circum @ uk) @ np.transpose(uk) @ np.transpose(T_circum) @ T_circum\n",
    "      / np.linalg.norm(\n",
    "        T_circum @ uk\n",
    "      ) ** 3\n",
    "      +\n",
    "      ck * (\n",
    "        np.kron(uk, T_circum)\n",
    "        +\n",
    "        np.kron(\n",
    "          np.identity(3),\n",
    "          T_circum @ uk\n",
    "        )\n",
    "      )\n",
    "    )\n",
    "\n",
    "    H_hh += 2 / sigma2 * (\n",
    "      np.transpose(T_circum) @ T_circum @ uk @  np.transpose(uk) @ np.transpose(T_circum) @ T_circum\n",
    "      / np.linalg.norm(\n",
    "        T_circum @ uk\n",
    "      ) ** 3\n",
    "      +\n",
    "      ck * (np.transpose(T_circum) @ T_circum)\n",
    "    )\n",
    "\n",
    "  grad_x = np.vstack((grad_T_circum, grad_h))\n",
    "  grad_2_x = np.vstack((\n",
    "    np.hstack((H_TT, H_Th)),\n",
    "    np.hstack((np.transpose(H_Th), H_hh))\n",
    "  ))\n",
    "\n",
    "  if should_log:\n",
    "    should_log = False\n",
    "    print(grad_T_circum)\n",
    "    print('grad_T_circum.shape =', grad_T_circum.shape)\n",
    "    print(grad_h)\n",
    "    print('grad_h.shape =', grad_h.shape)\n",
    "    print(grad_x)\n",
    "    print('grad_x.shape =', grad_x.shape)\n",
    "    print(H_TT)\n",
    "    print('H_TT.shape =', H_TT.shape)\n",
    "    print(H_Th)\n",
    "    print('H_Th.shape =', H_Th.shape)\n",
    "    print(H_hh)\n",
    "    print('H_hh.shape =', H_hh.shape)\n",
    "    print(grad_2_x)\n",
    "    print('grad_2_x.shape =', grad_2_x.shape)\n",
    "\n",
    "  return (grad_x, grad_2_x)"
   ]
  },
  {
   "cell_type": "code",
   "execution_count": 12,
   "metadata": {},
   "outputs": [
    {
     "name": "stdout",
     "output_type": "stream",
     "text": [
      "[[ 52.73272551   0.           0.        ]\n",
      " [ -0.49186292 -55.48003236  -0.        ]\n",
      " [ -0.42708205  -0.37672387  53.75984908]]\n",
      "T_circum.shape = (3, 3)\n",
      "[[ -8.88]\n",
      " [ -9.54]\n",
      " [-53.26]]\n",
      "yk.shape = (3, 1)\n",
      "[[ -8.00965035]\n",
      " [ -9.73772071]\n",
      " [-52.1717806 ]]\n",
      "uk.shape = (3, 1)\n",
      "ck = 0.999652924783141\n",
      "[[ 1.27206365e+09]\n",
      " [-1.05573509e+07]\n",
      " [ 8.50962167e+07]\n",
      " [-1.24302461e+06]\n",
      " [-2.85832484e+08]\n",
      " [ 1.58793301e+08]\n",
      " [ 9.35672774e+07]\n",
      " [-1.66739715e+08]\n",
      " [ 1.33473247e+09]]\n",
      "grad_T_circum.shape = (9, 1)\n",
      "[[ 1.67158282e+09]\n",
      " [ 1.10184688e+06]\n",
      " [-5.49465964e+07]]\n",
      "grad_h.shape = (3, 1)\n",
      "[[ 1.27206365e+09]\n",
      " [-1.05573509e+07]\n",
      " [ 8.50962167e+07]\n",
      " [-1.24302461e+06]\n",
      " [-2.85832484e+08]\n",
      " [ 1.58793301e+08]\n",
      " [ 9.35672774e+07]\n",
      " [-1.66739715e+08]\n",
      " [ 1.33473247e+09]\n",
      " [ 1.67158282e+09]\n",
      " [ 1.10184688e+06]\n",
      " [-5.49465964e+07]]\n",
      "grad_x.shape = (12, 1)\n",
      "[[ 2.41266684e+07 -9.04481862e+01  4.47506191e+02 -2.59890730e+04\n",
      "  -6.40343194e+02  2.19733940e+02  1.76172133e+06 -2.36065007e+02\n",
      "   1.99930410e+03]\n",
      " [-9.04481862e+01  2.41215087e+07 -2.35355895e+02 -6.40343194e+02\n",
      "  -2.61441728e+04  2.23377588e+02 -2.36065007e+02  1.76101192e+06\n",
      "  -1.20003106e+02]\n",
      " [ 4.47506191e+02 -2.35355895e+02  2.41228672e+07  2.19733940e+02\n",
      "   2.23377588e+02 -2.59253553e+04  1.99930410e+03 -1.20003106e+02\n",
      "   1.76164226e+06]\n",
      " [-2.59890730e+04 -6.40343194e+02  2.19733940e+02  5.14982575e+06\n",
      "   1.20546769e+02 -2.14264259e+02  2.97392387e+06  2.14867470e+02\n",
      "   9.63356918e+01]\n",
      " [-6.40343194e+02 -2.61441728e+04  2.23377588e+02  1.20546769e+02\n",
      "   5.14963343e+06 -2.85448902e+02  2.14867470e+02  2.97399829e+06\n",
      "  -7.78793110e+02]\n",
      " [ 2.19733940e+02  2.23377588e+02 -2.59253553e+04 -2.14264259e+02\n",
      "  -2.85448902e+02  5.14997098e+06  9.63356918e+01 -7.78793110e+02\n",
      "   2.97420936e+06]\n",
      " [ 1.76172133e+06 -2.36065007e+02  1.99930410e+03  2.97392387e+06\n",
      "   2.14867470e+02  9.63356918e+01  2.47791550e+07 -1.18080024e+02\n",
      "   4.15272371e+02]\n",
      " [-2.36065007e+02  1.76101192e+06 -1.20003106e+02  2.14867470e+02\n",
      "   2.97399829e+06 -7.78793110e+02 -1.18080024e+02  2.47779936e+07\n",
      "  -5.31875988e+02]\n",
      " [ 1.99930410e+03 -1.20003106e+02  1.76164226e+06  9.63356918e+01\n",
      "  -7.78793110e+02  2.97420936e+06  4.15272371e+02 -5.31875988e+02\n",
      "   2.47830286e+07]]\n",
      "H_TT.shape = (9, 9)\n",
      "[[ 6.33617509e+07  1.17997366e+02  5.90407395e+02]\n",
      " [-2.91411013e+05 -3.33288849e+07 -3.97309112e+02]\n",
      " [-1.36599669e+06 -2.25918906e+05  3.22979513e+07]\n",
      " [-2.84758281e+05  3.16784762e+07  3.72400519e+02]\n",
      " [ 1.70774360e+03  3.04120893e+05  5.75864008e+02]\n",
      " [ 2.66541984e+03 -1.10855696e+06 -2.90197445e+05]\n",
      " [-8.38531694e+05  3.86323512e+02  3.16808812e+07]\n",
      " [ 7.44407730e+03  8.83452962e+05  3.98152892e+03]\n",
      " [ 1.01335476e+04  6.20335169e+03 -1.96571515e+06]]\n",
      "H_Th.shape = (9, 3)\n",
      "[[52624670.84841756   519451.98248999  -433743.19524488]\n",
      " [  519451.98248999 58237498.28181952  -382155.38715831]\n",
      " [ -433743.19524488  -382155.38715831 54686392.27680586]]\n",
      "H_hh.shape = (3, 3)\n",
      "[[ 2.41266684e+07 -9.04481862e+01  4.47506191e+02 -2.59890730e+04\n",
      "  -6.40343194e+02  2.19733940e+02  1.76172133e+06 -2.36065007e+02\n",
      "   1.99930410e+03  6.33617509e+07  1.17997366e+02  5.90407395e+02]\n",
      " [-9.04481862e+01  2.41215087e+07 -2.35355895e+02 -6.40343194e+02\n",
      "  -2.61441728e+04  2.23377588e+02 -2.36065007e+02  1.76101192e+06\n",
      "  -1.20003106e+02 -2.91411013e+05 -3.33288849e+07 -3.97309112e+02]\n",
      " [ 4.47506191e+02 -2.35355895e+02  2.41228672e+07  2.19733940e+02\n",
      "   2.23377588e+02 -2.59253553e+04  1.99930410e+03 -1.20003106e+02\n",
      "   1.76164226e+06 -1.36599669e+06 -2.25918906e+05  3.22979513e+07]\n",
      " [-2.59890730e+04 -6.40343194e+02  2.19733940e+02  5.14982575e+06\n",
      "   1.20546769e+02 -2.14264259e+02  2.97392387e+06  2.14867470e+02\n",
      "   9.63356918e+01 -2.84758281e+05  3.16784762e+07  3.72400519e+02]\n",
      " [-6.40343194e+02 -2.61441728e+04  2.23377588e+02  1.20546769e+02\n",
      "   5.14963343e+06 -2.85448902e+02  2.14867470e+02  2.97399829e+06\n",
      "  -7.78793110e+02  1.70774360e+03  3.04120893e+05  5.75864008e+02]\n",
      " [ 2.19733940e+02  2.23377588e+02 -2.59253553e+04 -2.14264259e+02\n",
      "  -2.85448902e+02  5.14997098e+06  9.63356918e+01 -7.78793110e+02\n",
      "   2.97420936e+06  2.66541984e+03 -1.10855696e+06 -2.90197445e+05]\n",
      " [ 1.76172133e+06 -2.36065007e+02  1.99930410e+03  2.97392387e+06\n",
      "   2.14867470e+02  9.63356918e+01  2.47791550e+07 -1.18080024e+02\n",
      "   4.15272371e+02 -8.38531694e+05  3.86323512e+02  3.16808812e+07]\n",
      " [-2.36065007e+02  1.76101192e+06 -1.20003106e+02  2.14867470e+02\n",
      "   2.97399829e+06 -7.78793110e+02 -1.18080024e+02  2.47779936e+07\n",
      "  -5.31875988e+02  7.44407730e+03  8.83452962e+05  3.98152892e+03]\n",
      " [ 1.99930410e+03 -1.20003106e+02  1.76164226e+06  9.63356918e+01\n",
      "  -7.78793110e+02  2.97420936e+06  4.15272371e+02 -5.31875988e+02\n",
      "   2.47830286e+07  1.01335476e+04  6.20335169e+03 -1.96571515e+06]\n",
      " [ 6.33617509e+07 -2.91411013e+05 -1.36599669e+06 -2.84758281e+05\n",
      "   1.70774360e+03  2.66541984e+03 -8.38531694e+05  7.44407730e+03\n",
      "   1.01335476e+04  5.26246708e+07  5.19451982e+05 -4.33743195e+05]\n",
      " [ 1.17997366e+02 -3.33288849e+07 -2.25918906e+05  3.16784762e+07\n",
      "   3.04120893e+05 -1.10855696e+06  3.86323512e+02  8.83452962e+05\n",
      "   6.20335169e+03  5.19451982e+05  5.82374983e+07 -3.82155387e+05]\n",
      " [ 5.90407395e+02 -3.97309112e+02  3.22979513e+07  3.72400519e+02\n",
      "   5.75864008e+02 -2.90197445e+05  3.16808812e+07  3.98152892e+03\n",
      "  -1.96571515e+06 -4.33743195e+05 -3.82155387e+05  5.46863923e+07]]\n",
      "grad_2_x.shape = (12, 12)\n"
     ]
    }
   ],
   "source": [
    "T_circum = np.linalg.inv(T0)\n",
    "print(T_circum)\n",
    "print('T_circum.shape =', T_circum.shape)\n",
    "\n",
    "data_X = []\n",
    "counts = 20\n",
    "for i in range(counts):\n",
    "  (grad_x, grad_2_x) = get_grads(T_circum, h0)\n",
    "  x -= np.linalg.inv(grad_2_x) @ grad_x\n",
    "  T_circum = x[:9].reshape(3, 3)\n",
    "  h0 = x[9:]\n",
    "\n",
    "  # Jx = 0\n",
    "  # for i in range(1, len(y)):\n",
    "  #   Jx += (\n",
    "  #     (\n",
    "  #       np.linalg.norm(\n",
    "  #         np.matmul(\n",
    "  #           T_circum,\n",
    "  #           y[i] - h0\n",
    "  #         )\n",
    "  #       ) - 1\n",
    "  #     ) / SIGMA\n",
    "  #   ) ** 2\n",
    "\n",
    "  data_X.append(np.copy(x))"
   ]
  },
  {
   "cell_type": "code",
   "execution_count": 13,
   "metadata": {},
   "outputs": [
    {
     "name": "stdout",
     "output_type": "stream",
     "text": [
      "[-2.78787449e-06 -1.35573936e-05  7.13014430e-06  1.00739246e-04\n",
      "  3.71584038e-04 -2.48157157e-04 -4.22630374e-05 -1.75755163e-04\n",
      "  1.13677278e-04]\n",
      "[ 25.80209132  33.81487825 142.23953796]\n"
     ]
    }
   ],
   "source": [
    "last_x = data_X[-1]\n",
    "last_T_circum = np.array(last_x[:9]).reshape(3, 3)\n",
    "last_T = np.linalg.inv(np.array(last_x[:9]).reshape(3, 3))\n",
    "last_h = np.array(last_x[9:]).reshape(3, 1)\n",
    "\n",
    "print(last_T.reshape(9))\n",
    "print(last_h.reshape(3))"
   ]
  },
  {
   "cell_type": "code",
   "execution_count": 14,
   "metadata": {},
   "outputs": [
    {
     "name": "stdout",
     "output_type": "stream",
     "text": [
      "[[-1.41528382e+01  2.53866595e-01  2.29716917e+00  3.70972728e-02\n",
      "   5.54526486e+01  3.76672076e-01 -6.94370681e-01  5.83202572e-02\n",
      "  -5.41973988e+01 -1.55286682e+01  1.52680245e-01 -3.10164597e+00]\n",
      " [-1.41517187e+01  6.58682691e-01  1.09708926e+00 -7.21655598e-01\n",
      "   1.39458526e-02  4.00543401e-01 -2.32720493e+00 -4.91521856e-01\n",
      "   1.01966350e+00 -3.18260620e+01 -3.77516367e-01 -6.43648656e+00]\n",
      " [ 2.45715907e-01  1.43989454e+00  3.57860562e+00 -1.14116113e+00\n",
      "   3.95978374e-02  9.85582257e-01 -3.82542157e+00 -9.71454692e-01\n",
      "  -2.05996066e-01 -3.16332091e+01  9.51123709e-01 -2.34518574e+01]\n",
      " [-7.62266698e+01 -2.67544855e+01 -1.33987995e+01 -6.71783598e+01\n",
      "  -2.63149027e+01 -1.99658925e+01 -1.35764988e+02 -2.78182676e+01\n",
      "   3.57978155e+01 -5.07492157e+02 -4.83384512e+02 -1.44834716e+03]\n",
      " [-5.81222290e+01 -2.20653846e+01  1.01170856e+02 -5.94517521e+01\n",
      "  -2.04155549e+01  6.06617934e-01 -1.28483964e+02 -1.43733074e+01\n",
      "  -2.64394637e+00 -3.48721597e+02 -3.21810414e+02 -9.64858829e+02]]\n",
      "(20, 12)\n"
     ]
    },
    {
     "data": {
